10000 534
0 1
0 2
0 3
0 4
0 5
0 6
0 7
0 8
0 9
0 10
1 11
1 12
1 13
1 14
1 15
2 16
2 17
2 18
2 19
2 20
3 21
3 22
3 23
3 24
3 25
4 26
4 27
4 28
4 29
4 30
5 31
5 32
5 33
5 34
5 35
6 36
6 37
6 38
6 39
6 40
7 41
7 42
7 43
7 44
7 45
8 46
8 47
8 48
8 49
8 50
9 51
9 52
9 53
9 54
9 55
10 56
10 57
10 58
10 59
10 60
11 61
11 62
11 63
11 64
11 65
12 66
12 67
12 68
12 69
12 70
13 71
13 72
13 73
13 74
13 75
14 76
14 77
14 78
14 79
14 80
15 81
15 82
15 83
15 84
15 85
16 86
16 87
16 88
16 89
16 90
17 91
17 92
17 93
17 94
17 95
18 96
18 97
18 98
18 99
18 100
19 101
19 102
19 103
19 104
19 105
20 106
20 107
20 108
20 109
20 110
21 111
21 112
21 113
21 114
21 115
22 116
22 117
22 118
22 119
22 120
23 121
23 122
23 123
23 124
23 125
24 126
24 127
24 128
24 129
24 130
25 131
25 132
25 133
25 134
25 135
26 136
26 137
26 138
26 139
26 140
27 141
27 142
27 143
27 144
27 145
28 146
28 147
28 148
28 149
28 150
29 151
29 152
29 153
29 154
29 155
30 156
30 157
30 158
30 159
30 160
1 100
1 200
1 300
1 400
1 500
2 600
2 700
2 800
2 900
2 1000
3 1100
3 1200
3 1300
3 1400
3 1500
4 1600
4 1700
4 1800
4 1900
4 2000
5 2100
5 2200
5 2300
5 2400
5 2500
6 2600
6 2700
6 2800
6 2900
6 3000
7 3100
7 3200
7 3300
7 3400
7 3500
8 3600
8 3700
8 3800
8 3900
8 4000
9 4100
9 4200
9 4300
9 4400
9 4500
10 4600
10 4700
10 4800
10 4900
10 5000
11 5100
11 5200
11 5300
11 5400
11 5500
100 101
100 102
100 103
100 104
100 105
200 201
200 202
200 203
200 204
200 205
300 301
300 302
300 303
300 304
300 305
400 401
400 402
400 403
400 404
400 405
500 501
500 502
500 503
500 504
500 505
600 601
600 602
600 603
600 604
600 605
700 701
700 702
700 703
700 704
700 705
800 801
800 802
800 803
800 804
800 805
900 901
900 902
900 903
900 904
900 905
1000 1001
1000 1002
1000 1003
1000 1004
1000 1005
1100 1101
1100 1102
1100 1103
1100 1104
1100 1105
1200 1201
1200 1202
1200 1203
1200 1204
1200 1205
1300 1301
1300 1302
1300 1303
1300 1304
1300 1305
1400 1401
1400 1402
1400 1403
1400 1404
1400 1405
1500 1501
1500 1502
1500 1503
1500 1504
1500 1505
1600 1601
1600 1602
1600 1603
1600 1604
1600 1605
1700 1701
1700 1702
1700 1703
1700 1704
1700 1705
1800 1801
1800 1802
1800 1803
1800 1804
1800 1805
1900 1901
1900 1902
1900 1903
1900 1904
1900 1905
2000 2001
2000 2002
2000 2003
2000 2004
2000 2005
2100 2101
2100 2102
2100 2103
2100 2104
2100 2105
2200 2201
2200 2202
2200 2203
2200 2204
2200 2205
2300 2301
2300 2302
2300 2303
2300 2304
2300 2305
2400 2401
2400 2402
2400 2403
2400 2404
2400 2405
2500 2501
2500 2502
2500 2503
2500 2504
2500 2505
2600 2601
2600 2602
2600 2603
2600 2604
2600 2605
2700 2701
2700 2702
2700 2703
2700 2704
2700 2705
2800 2801
2800 2802
2800 2803
2800 2804
2800 2805
2900 2901
2900 2902
2900 2903
2900 2904
2900 2905
3000 3001
3000 3002
3000 3003
3000 3004
3000 3005
3100 3101
3100 3102
3100 3103
3100 3104
3100 3105
3200 3201
3200 3202
3200 3203
3200 3204
3200 3205
3300 3301
3300 3302
3300 3303
3300 3304
3300 3305
3400 3401
3400 3402
3400 3403
3400 3404
3400 3405
3500 3501
3500 3502
3500 3503
3500 3504
3500 3505
3600 3601
3600 3602
3600 3603
3600 3604
3600 3605
3700 3701
3700 3702
3700 3703
3700 3704
3700 3705
3800 3801
3800 3802
3800 3803
3800 3804
3800 3805
3900 3901
3900 3902
3900 3903
3900 3904
3900 3905
4000 4001
4000 4002
4000 4003
4000 4004
4000 4005
4100 4101
4100 4102
4100 4103
4100 4104
4100 4105
4200 4201
4200 4202
4200 4203
4200 4204
4200 4205
4300 4301
4300 4302
4300 4303
4300 4304
4300 4305
4400 4401
4400 4402
4400 4403
4400 4404
4400 4405
4500 4501
4500 4502
4500 4503
4500 4504
4500 4505
4600 4601
4600 4602
4600 4603
4600 4604
4600 4605
4700 4701
4700 4702
4700 4703
4700 4704
4700 4705
4800 4801
4800 4802
4800 4803
4800 4804
4800 4805
4900 4901
4900 4902
4900 4903
4900 4904
4900 4905
5000 5001
5000 5002
5000 5003
5000 5004
5000 5005
5100 5101
5100 5102
5100 5103
5100 5104
5100 5105
5200 5201
5200 5202
5200 5203
5200 5204
5200 5205
5300 5301
5300 5302
5300 5303
5300 5304
5300 5305
5400 5401
5400 5402
5400 5403
5400 5404
5400 5405
5500 5501
5500 5502
5500 5503
5500 5504
5500 5505
5001 5601
5101 5701
5201 5801
5301 5901
5401 6001
5501 6101
5601 6201
5701 6301
5801 6401
5901 6501
6001 6601
6101 6701
6201 6801
6301 6901
6401 7001
6501 7101
6601 7201
6701 7301
6801 7401
6901 7501
7001 7601
7101 7701
7201 7801
7301 7901
7401 8001
7501 8101
7601 8201
7701 8301
7801 8401
7901 8501
8001 8601
8101 8701
8201 8801
8301 8901
8401 9001
8501 9101
8601 9201
8701 9301
8801 9401
8901 9501
9001 9601
9101 9701
9201 9801
9301 9901
8901